56
157
196
49
5
125
194
61
133
141
164
82
6
242
172
50
100
130
42
4
89
250
191
190
113
137
243
170
72
254
22
249
43
98
159
232
152
13
175
167
28
245
153
116
195
7
237
27
90
238
143
1
55
8
101
138
78
127
37
264
14
77
48
205
63
58
70
84
16
11
99
128
145
166
147
221
23
144
107
168
120
44
121
10
173
218
241
115
261
21
259
248
108
73
220
160
3
233
74
208
71
60
126
33
83
51
106
163
66
68
122
12
134
9
69
165
229
91
54
213
111
109
86
140
193
247
124
184
135
192
118
132
224
255
212
198
203
187
149
209
260
265
236
202
151
19
46
81
146
217
156
197
36
39
211
25
231
176
96
158
188
150
258
40
88
17
246
32
162
189
214
178
123
174
64
18
35
161
219
47
76
26
34
257
230
244
226
24
256
262
200
139
41
95
169
216
87
179
45
52
29
240
225
206
105
97
57
20
228
62
180
235
102
215
183
223
65
15
136
75
171
155
204
114
207
201
210
131
251
182
253
181
142
67
94
85
227
80
59
186
239
234
185
263
154
177
117
38
30
2
148
53
129
92
252
31
93
222
119
199
79
112