42
144
156
113
158
193
17
106
1
254
99
50
168
226
123
92
128
34
109
133
250
9
214
218
176
256
116
209
30
27
223
21
78
210
199
20
43
179
154
24
125
242
28
19
183
260
258
94
198
96
115
75
62
73
171
246
219
205
195
98
13
148
127
149
177
221
35
257
253
200
251
119
147
231
137
215
139
188
227
167
15
132
87
39
51
37
141
145
47
225
91
77
14
41
203
186
262
238
72
248
8
140
164
228
160
180
124
138
90
107
53
54
61
4
222
88
66
207
216
241
68
100
189
185
239
93
36
135
202
67
114
196
22
191
155
38
56
174
71
197
143
11
201
235
224
165
112
136
55
69
108
80
244
265
86
5
142
45
23
101
85
26
29
245
40
60
187
166
152
82
81
58
2
162
121
172
236
76
70
49
264
59
120
230
263
190
243
169
212
192
117
52
261
255
259
146
157
105
204
211
129
184
122
151
79
181
213
31
234
163
65
173
83
159
161
97
217
7
131
220
150
18
237
206
74
32
3
12
178
153
126
84
64
249
134
194
118
233
247
25
240
48
182
252
10
16
44
89
102
130
63
175
6
170
95
33
46
229
232
208
111
57
104